id: 00
pose: [ 0.00000  0.00000  0.45900  0.00000  0.00000  0.00000]
twist: [ 0.00000  0.00000  0.00000  0.00000  0.00000  0.00000]
id: 01
pose: [ 0.00000  0.00000  0.65900  0.00000  0.00000  0.00000]
twist: [ 0.00000  0.00000  0.00000  0.00000  0.00000  0.00000]
id: 02
pose: [ 0.00000  0.00000  0.85900  0.00000  0.00000  0.00000]
twist: [ 0.00000  0.00000  0.00000  0.00000  0.00000  0.00000]
id: 03
pose: [ 0.00000  0.00000  1.25900  0.00000  0.00000  0.00000]
twist: [ 0.00000  0.00000  0.00000  0.00000  0.00000  0.00000]
id: 08
pose: [ 0.00000  0.00000  0.65900  0.00000  0.00000  0.00000]
twist: [ 0.30000  0.00000  0.00000  0.00000  0.00000  0.00000]
id: 09
pose: [ 0.00000  0.00000  0.65900  0.00000  0.00000  0.00000]
twist: [ 0.50000  0.00000  0.00000  0.00000  0.00000  0.00000]
id: 10
pose: [ 0.00000  0.00000  0.65900  0.00000  0.00000  0.00000]
twist: [ 0.50000  0.50000  0.00000  0.00000  0.00000  0.00000]
id: 04
pose: [ 0.00000  0.00000  0.65900  0.00000 -0.34907  0.00000]
twist: [ 0.00000  0.00000  0.00000  0.00000  0.00000  0.00000]
id: 05
pose: [ 0.00000  0.00000  0.65900  0.00000 -0.08727  0.00000]
twist: [ 0.00000  0.00000  0.00000  0.00000  0.00000  0.00000]
id: 06
pose: [ 0.00000  0.00000  0.65900  0.00000  0.08727  0.00000]
twist: [ 0.00000  0.00000  0.00000  0.00000  0.00000  0.00000]
id: 07
pose: [ 0.00000  0.00000  0.65900  0.00000  0.34907  0.00000]
twist: [ 0.00000  0.00000  0.00000  0.00000  0.00000  0.00000]
id: 11
pose: [ 0.00000  0.00000  0.65900  0.00000 -0.17453  0.00000]
twist: [ 0.30000  0.00000  0.00000  0.00000  0.00000  0.00000]
id: 12
pose: [ 0.00000  0.00000  0.65900  0.00000  0.17453  0.00000]
twist: [ 0.50000  0.00000  0.00000  0.00000  0.00000  0.00000]
id: 13
pose: [ 0.00000  0.00000  0.65900  0.17453  0.00000  0.00000]
twist: [-0.20000  0.50000  0.00000  0.00000  0.00000  0.00000]
